Track 	Length	Distance	#Frames	1stFrame	time(s)	MaxSpeed	AvgArea	StdArea	AvgPerim	StdPerim	AvgSpeed	BLPS	avgX	avgX	Bends	BBPS
1	362.4465	161.18504	501	0	16.7	96.97031021118164	222.40918	32.857788	119.60283	15.982629	21.703382	0.36292425	913.6468	136.3204	27.5	1.6467065868263473
2	871.2279	73.83804	966	0	32.2	105.70261716842651	190.60869	12.832281	114.827194	7.325159	27.056768	0.4712606	762.7873	172.52081	45.5	1.4130434782608696
3	1185.2557	155.01115	1802	0	60.066666	74.70455646514893	223.57658	6.1070375	126.18928	3.1794653	19.732336	0.31274188	750.54004	388.50986	116.5	1.939511653718091
4	1231.4695	110.87154	1550	0	51.666668	98.27512979507446	249.93355	23.009361	132.9469	11.174591	23.834892	0.3585626	1804.9971	364.30783	92.0	1.7806451612903227
5	1287.4647	143.4938	1802	0	60.066666	83.06947231292725	206.6909	7.0238285	124.82519	4.3785944	21.43393	0.34342316	1363.5631	372.83658	103.0	1.7147613762486127
6	989.67004	200.34966	1802	0	60.066666	65.66722869873047	218.41344	6.610064	123.51169	2.9719522	16.476194	0.2667957	1374.7	468.0761	100.5	1.6731409544950056
7	680.85974	57.608517	1141	0	38.033333	72.01813459396362	229.31026	8.07629	128.98112	2.7276478	17.901659	0.27758572	1757.4675	512.0155	63.5	1.6695880806310255
8	1443.8422	128.49875	1802	0	60.066666	78.98714303970337	211.26305	5.5697746	122.15008	2.3644884	24.037327	0.3935704	1140.7544	546.4179	103.5	1.723085460599334
9	322.19403	26.113201	403	0	13.433333	68.36419343948364	205.09926	6.217859	118.67682	2.414353	23.984667	0.4042014	1807.9011	634.868	25.0	1.8610421836228288
10	319.7486	128.98152	259	0	8.633333	84.21192169189453	231.60617	7.6916924	130.24263	3.1581736	37.036514	0.56873107	1332.8391	783.07367	17.5	2.027027027027027
11	291.26797	85.00684	259	0	8.633333	77.51816511154175	223.35521	5.7314987	125.943726	2.7502425	33.737602	0.53575677	1189.3654	795.8485	15.0	1.7374517374517375
12	1464.9254	81.37881	1802	0	60.066666	139.761700630188	238.80411	7.57109	131.15683	3.2073069	24.388325	0.3718956	1450.9045	767.45776	108.0	1.798002219755827
13	715.3146	78.912926	1024	0	34.133335	93.0751633644104	221.17578	5.801065	123.02588	5.5687504	20.956482	0.34068415	1090.1895	800.46265	54.0	1.58203125
14	199.3982	97.24096	239	0	7.9666667	127.98614501953125	235.6318	5.9548717	129.63837	2.417118	25.029062	0.38613668	1210.6097	827.6353	14.5	1.8200836820083681
15	1640.222	437.56552	1802	0	60.066666	129.3235158920288	257.4656	7.7497783	137.43497	5.7817984	27.306694	0.3973762	662.6521	996.57666	108.5	1.8063263041065483
16	127.68763	73.45888	155	0	5.1666665	75.87510824203491	194.6129	8.423365	118.88882	2.66702	24.713736	0.41574532	1958.885	790.07385	10.0	1.935483870967742
17	150.43817	39.399323	239	0	7.9666667	53.678977489471436	255.61089	6.035195	136.38957	2.1746085	18.883451	0.2769046	1160.4082	871.3356	14.0	1.7573221757322175
19	1412.5145	167.58792	1802	0	60.066666	84.33081150054932	222.9495	8.161896	124.73147	3.685775	23.515781	0.37706253	631.1141	826.95337	105.5	1.7563817980022198
20	1272.1593	394.6479	1802	0	60.066666	83.73898029327393	209.89124	7.521455	124.886635	3.0565214	21.179123	0.33917356	1882.6583	1086.3872	108.5	1.8063263041065483
22	424.53348	47.583668	546	0	18.2	92.38956212997437	208.82417	5.9655156	118.39048	8.826027	23.326015	0.39405224	1139.9717	993.42554	25.0	1.3736263736263736
23	416.33633	129.32005	519	0	17.3	87.43380546569824	183.57803	11.163111	111.76861	9.941102	24.065683	0.43063405	1368.0219	952.90717	28.5	1.6473988439306357
24	305.4956	116.35969	424	0	14.133333	70.01063346862793	238.06604	5.7894807	127.84419	7.3999953	21.615253	0.33814996	1346.2634	1098.9427	19.5	1.3797169811320755
25	1352.113	77.97002	1802	0	60.066666	76.16919279098511	218.04272	6.5432277	126.325035	3.020283	22.510206	0.3563855	1586.8938	1047.1642	109.5	1.822974472807991
26	1618.2258	29.62177	1802	0	60.066666	87.18286514282227	192.56548	8.885626	116.664955	6.027288	26.940496	0.46184385	756.85986	1040.6702	107.0	1.781354051054384
27	736.64764	143.47769	806	0	26.866667	111.21227502822876	216.81018	6.9835615	122.68756	4.5004935	27.418646	0.446967	1279.7766	1217.553	42.0	1.5632754342431763
28	1309.5817	185.34981	1750	0	58.333332	112.3298192024231	217.744	6.147571	124.62946	4.9827213	22.44997	0.3602675	1600.2872	1338.8213	91.0	1.56
29	1226.5352	176.29962	1750	0	58.333332	69.73904371261597	226.37143	5.9789305	128.36147	3.062887	21.026318	0.32761106	1338.8083	1300.8997	107.0	1.8342857142857143
30	418.26273	148.0975	424	0	14.133333	100.76769590377808	185.9599	7.743573	113.989075	6.155404	29.59406	0.51924384	1354.9479	1211.1859	26.5	1.875
31	542.946	160.14099	396	0	13.2	96.6122031211853	206.64142	6.727062	123.15457	4.2035694	41.13227	0.667978	1273.7748	1552.4506	23.5	1.7803030303030303
32	129.49883	54.362095	195	0	6.5	66.22074365615845	218.9641	12.181351	128.42831	5.6808486	19.922897	0.31025708	1064.3849	1680.0631	12.0	1.8461538461538463
33	316.311	42.83681	303	44	10.1	188.47633838653564	173.55446	32.394447	112.616264	16.714733	31.31792	0.5561882	1454.6049	1664.2379	18.0	1.7821782178217822
34	256.60138	127.81441	247	156	8.233334	135.38387775421143	186.49797	10.895988	115.84587	5.771457	31.166159	0.5380625	1910.849	709.16547	16.0	1.94331983805668
35	201.74207	68.12895	190	206	6.3333335	79.73373413085938	195.68947	20.018335	124.50387	12.591912	31.85401	0.5116951	1402.7462	1648.9	11.5	1.8157894736842106
36	93.551025	23.215027	112	276	3.7333333	64.27171468734741	420.75894	31.918604	204.38495	30.191208	25.058311	0.24520701	1248.8114	830.3335	1.0	0.26785714285714285
37	64.39425	39.37149	91	354	3.0333333	68.69140148162842	235.76923	5.4773817	128.92558	2.3739874	21.228874	0.3293198	1205.8359	916.9889	6.0	1.978021978021978
38	1081.7512	226.33931	1380	382	46.0	116.97323799133301	224.86667	12.017436	124.77383	5.8039613	23.516329	0.37694332	1203.298	177.49754	77.5	1.684782608695652
39	314.2429	34.91652	498	407	16.6	56.065964698791504	222.87149	6.1483626	125.55153	2.5429137	18.930296	0.3015542	1204.9086	809.30206	26.5	1.5963855421686748
40	144.4038	63.378006	124	422	4.133333	77.16084480285645	231.34677	5.9442453	130.03374	2.771629	34.9364	0.5373437	1198.0216	889.21643	8.0	1.935483870967742
41	244.64607	82.940735	260	492	8.666667	91.55260562896729	219.18462	7.60033	132.95343	4.0803833	28.228392	0.42463577	1323.4097	1637.8708	14.5	1.6730769230769231
42	275.74258	67.455086	195	492	6.5	98.65671873092651	203.71794	8.837446	123.41453	4.401339	42.421936	0.6874707	1334.6785	1672.3466	11.0	1.6923076923076923
43	487.87756	112.317375	630	511	21.0	72.4560284614563	205.21269	5.806019	117.38611	5.656737	23.232265	0.3958265	1779.9402	622.24054	33.5	1.5952380952380953
44	1223.8042	373.89044	1291	511	43.033333	95.97418785095215	199.72812	6.720994	118.60794	3.2443259	28.438519	0.47953817	1711.5875	584.7276	80.5	1.8706429124709527
45	170.9617	42.610775	278	528	9.266666	51.27595782279968	233.83093	7.9299855	127.18828	5.294946	18.449104	0.29010698	1330.1995	1150.5948	15.0	1.618705035971223
46	1260.9645	172.49692	1274	528	42.466667	98.35296392440796	191.71664	8.36945	116.086266	5.181165	29.69304	0.51156855	1228.2218	1274.5457	72.5	1.707221350078493
47	294.00238	16.422485	458	562	15.266666	60.416579246520996	255.36026	5.7761974	136.2741	2.2963767	19.257797	0.28263327	1233.171	885.3108	27.5	1.8013100436681222
48	84.51372	33.314342	93	563	3.1	79.3791675567627	409.07526	35.88485	191.73553	34.901314	27.26249	0.284376	1147.2567	924.92834	1.5	0.4838709677419355
49	258.1868	60.643578	322	583	10.733334	70.00717163085938	232.23914	6.347808	128.5856	2.8465421	24.05467	0.3741425	1298.8087	853.7997	19.5	1.8167701863354038
50	1001.28394	226.69495	1219	583	40.633335	85.36341905593872	188.42577	6.285623	114.82111	2.8979506	24.641933	0.42922306	1340.2853	993.417	78.0	1.9196062346185399
51	830.7203	368.46838	1121	641	37.366665	97.6038408279419	222.65746	24.964376	120.14285	12.729939	22.231586	0.37008587	1060.6086	164.03824	67.5	1.8064228367528992
52	129.57173	58.127857	155	705	5.1666665	80.6832504272461	211.72903	4.8834596	121.11405	2.187157	25.0784	0.41412863	1086.6392	930.5084	9.5	1.8387096774193548
53	120.73963	70.223015	155	705	5.1666665	83.56420755386353	226.74838	4.4642787	129.0636	2.6692111	23.368961	0.3621309	1088.523	970.94324	9.5	1.8387096774193548
54	1000.6326	270.1655	1094	708	36.466667	123.13910007476807	197.38208	17.552282	122.46205	9.378654	27.439651	0.44813314	1450.0825	1483.3436	64.5	1.7687385740402193
55	624.0547	88.04555	1072	730	35.733334	66.30975008010864	219.75093	6.994896	130.68388	3.8155708	17.464216	0.2672742	1069.7433	1593.0361	63.5	1.7770522388059702
57	215.18709	58.25107	203	753	6.766667	116.24587297439575	172.04434	38.78735	113.469765	19.558277	31.801046	0.5605202	1343.8632	1697.9897	11.5	1.6995073891625616
58	687.3071	40.358543	994	808	33.133335	70.3794264793396	236.81187	5.3975697	129.69655	2.508108	20.743677	0.31988016	1331.4796	1136.6047	59.5	1.795774647887324
59	1010.86615	98.59253	994	808	33.133335	102.77061939239502	210.87726	7.030005	121.83988	5.4251094	30.509039	0.50080544	1448.1901	1171.6387	60.5	1.8259557344064385
60	676.01056	170.58522	861	941	28.7	87.71764755249023	209.00697	6.1653533	118.38369	8.300111	23.554375	0.3979328	1187.9247	1022.2743	41.0	1.4285714285714286
61	780.87085	230.22272	771	1031	25.7	89.38719749450684	183.60052	14.003291	110.094246	9.979817	30.384079	0.5519649	829.1403	177.75116	41.5	1.6147859922178989
62	464.7213	40.72981	740	1062	24.666666	70.05743265151978	224.8	6.8640776	126.0036	3.7577736	18.840054	0.29903993	1189.0198	803.1621	41.0	1.662162162162162
63	542.80786	182.01591	734	1068	24.466667	169.7144365310669	232.43869	7.862802	128.51703	4.12996	22.185608	0.34525552	1322.9518	834.8088	42.5	1.737057220708447
64	534.8337	239.31947	712	1090	23.733334	84.26912069320679	227.93259	5.5444455	129.62524	3.1242747	22.535128	0.3476966	1015.0267	923.1698	44.5	1.875
66	179.51456	82.45517	225	1218	7.5	84.46256160736084	257.66223	5.350371	136.03926	2.5744143	23.935274	0.35188773	1153.3572	881.9951	12.5	1.6666666666666667
67	159.60974	84.37186	225	1218	7.5	58.43914031982422	218.55556	4.8502374	123.30954	2.3370283	21.2813	0.34516874	1147.1107	927.7024	13.0	1.7333333333333334
68	724.0723	221.72307	567	1235	18.9	101.07463359832764	199.65433	23.630558	121.40053	12.961721	38.310703	0.6311456	1092.5886	1671.7343	36.0	1.9047619047619047
69	291.87335	43.325874	499	1303	16.633333	55.969308614730835	237.13226	5.773376	129.13214	6.4770746	17.547497	0.2717758	1697.2063	592.616	25.0	1.503006012024048
70	328.45358	29.44078	499	1303	16.633333	64.64860439300537	209.51503	6.0098042	120.03399	2.5060384	19.746708	0.3290186	1712.6211	643.62744	30.0	1.8036072144288577
71	317.0388	132.2839	348	1454	11.6	145.1431703567505	212.21265	14.51763	130.43587	6.8665276	27.330929	0.41907078	1292.4443	1658.8003	23.0	1.9827586206896552
72	224.43321	90.39819	211	1591	7.0333333	84.45166826248169	253.48816	6.141475	134.75636	4.0330005	31.909935	0.47359446	1056.5928	980.935	10.5	1.4928909952606635
73	133.84402	56.766464	211	1591	7.0333333	69.35925006866455	217.18483	5.264342	121.43529	3.938082	19.029955	0.31341723	1127.2505	971.9985	10.5	1.4928909952606635
74	102.542595	44.03799	106	1696	3.5333333	119.83137845993042	220.85849	46.477734	116.44397	24.37382	29.021488	0.4984627	1892.0574	382.63824	6.5	1.8396226415094339
